27 20 29 17 
14 39 
42 15 
10 37 18 38 19 41 22 16 
21 23 31 34 43 
28 14 16 24 
9 36 27 
33 36 29 17 42 
7 38 18 36 27 
4 31 37 16 
16 
21 34 
30 34 40 
2 6 24 16 41 19 26 39 
3 42 34 
4 6 10 11 14 28 24 41 31 
1 8 29 42 
4 9 36 38 33 43 37 
4 14 41 38 44 35 
1 36 29 27 
5 12 34 23 
4 41 
5 21 31 34 
6 14 16 
33 43 
14 
1 7 9 20 36 
6 16 
1 8 17 20 36 
13 34 40 
5 10 16 23 34 37 43 
39 
8 18 25 36 43 
5 12 13 15 21 23 30 31 43 
19 
7 8 9 18 20 27 29 33 
4 10 18 31 43 
4 9 18 19 
2 14 32 
13 30 
4 14 16 19 22 
3 8 15 17 
5 18 25 31 33 34 37 
19 
