1 27
1 20
1 29
1 17
2 14
2 39
3 42
3 15
4 10
4 37
4 18
4 38
4 19
4 41
4 22
4 16
5 21
5 23
5 31
5 34
5 43
6 28
6 14
6 16
6 24
7 9
7 36
7 27
8 33
8 36
8 29
8 17
8 42
9 38
9 18
9 36
9 27
10 31
10 37
10 16
11 16
12 21
12 34
13 30
13 34
13 40
14 24
14 16
14 41
14 19
14 26
14 39
15 42
15 34
16 28
16 24
16 41
16 31
17 29
17 42
18 36
18 38
18 33
18 43
18 37
19 41
19 38
19 44
19 35
20 36
20 29
20 27
21 34
21 23
22 41
23 31
23 34
25 33
25 43
27 36
29 36
30 34
30 40
31 34
31 37
31 43
32 39
33 36
33 43
34 43
37 43