1 27 178 
1 20 296 
1 29 256 
1 17 482
2 14 838
2 39 575 
3 42 283 
3 15 219 
4 10 252 
4 37 63 
4 18 214 
4 38 238 
4 19 990 
4 41 696 
4 22 683 
4 16 655 
5 21 331
5 23 177 
5 31 413 
5 34 634 
5 43 610 
6 28 158 
6 14 263 
6 16 668 
6 24 184 
7 9 387 
7 36 261 
7 27 156 
8 33 389 
8 36 345 
8 29 238 
8 17 634 
8 42 443 
9 38 132 
9 18 345 
9 36 346 
9 27 413 
10 31 523 
10 37 300 
10 16 280 
11 16 356 
12 21 213 
12 34 697 
13 30 868 
13 34 729 
13 40 397 
14 24 269 
14 16 878 
14 41 424 
14 19 1110
14 26 718 
14 39 1105 
15 42 1410 
15 34 1739 
16 28 654 
16 24 431 
16 41 701
16 31 517 
17 29 466 
17 42 655 
18 36 322 
18 38 412 
18 33 605 
18 43 833
18 37 168 
19 41 738 
19 38 509 
19 44 4
19 35 235 
20 36 298 
20 29 75 
20 27 111
21 34 807 
21 23 211 
22 41 118 
23 31 266 
23 34 787 
25 33 163 
25 43 347 
27 36 289 
29 36 284 
30 34 1667 
30 40 314 
31 34 1154 
31 37 484 
31 43 596 
32 39 506 
33 36 447 
33 43 725 
34 43 755 
37 43 649 