1 31
1 23
1 33
1 18
2 15
2 43
3 46
3 16
4 11
4 41
4 19
4 42
4 22
4 45
4 25
4 17
5 24
5 26
5 35
5 38
5 47
6 32
6 15
6 17
6 27
7 9
7 40
7 31
8 37
8 40
8 33
8 18
8 46
9 42
9 19
9 40
9 31
11 35
11 41
11 17
12 17
13 24
13 38
14 34
14 38
14 44
15 27
15 17
15 45
15 22
15 30
15 43
16 46
16 38
17 32
17 27
17 45
17 35
18 33
18 46
19 40
19 42
19 37
19 47
19 41
21 48
22 45
22 42
22 49
22 39
23 40
23 33
23 31
24 38
24 26
25 45
26 35
26 38
29 37
29 47
31 40
33 40
34 38
34 44
35 38
35 41
35 47
36 43
37 40
37 47
38 47
41 47